2.389588867187500000e+03
2.310236328125000000e+03
2.334972900390625000e+03
2.390784667968750000e+03
2.390243896484375000e+03
2.438395507812500000e+03
2.429014404296875000e+03
2.469955322265625000e+03
2.429923339843750000e+03
2.431606201171875000e+03
2.467917968750000000e+03
2.534117675781250000e+03
2.471402832031250000e+03
2.511013183593750000e+03
2.577144775390625000e+03
2.640424560546875000e+03
2.630545166015625000e+03
2.654581542968750000e+03
2.588443603515625000e+03
2.514746582031250000e+03
2.675014892578125000e+03
