1.343593716621398926e+00
1.293840050697326660e+00
1.336446523666381836e+00
1.174278855323791504e+00
1.151272058486938477e+00
1.095229983329772949e+00
1.087416887283325195e+00
1.034921884536743164e+00
1.031250476837158203e+00
9.854450821876525879e-01
1.076567530632019043e+00
1.377118468284606934e+00
1.417579293251037598e+00
1.354091286659240723e+00
1.407648444175720215e+00
1.456629514694213867e+00
1.340483784675598145e+00
1.466895699501037598e+00
1.403709769248962402e+00
1.411168694496154785e+00
1.170360207557678223e+00
