-0.000480
0.027363
-0.027078
-0.021793
-0.034944
0.003855
-0.008752
0.019653
-0.006456
0.004288
0.020636
0.026887
-0.004859
0.008221
0.029031
-0.023838
0.038608
-0.018901
-0.008169
-0.030328
-0.005901
0.002978
-0.012154
-0.040948
0.022208
-0.030435
0.008112
0.003061
0.012223
-0.028637
-0.022883
-0.023219
-0.003190
0.001629
0.002354
0.000570
-0.022744
0.003014
0.024406
-0.028735
-0.014924
0.029845
0.025087
0.012515
-0.012218
0.024987
0.024554
0.007115
-0.013037
-0.013532
-0.011941
0.005578
0.018659
-0.016817
-0.025265
0.035718
0.014445
-0.009060
-0.028446
0.003042
-0.015064
0.013985
0.025695
0.003977
-0.003640
-0.006725
0.024693
-0.004970
0.009056
-0.036449
0.022713
-0.025868
-0.000136
0.007395
-0.003361
0.010720
0.006746
-0.014513
0.020503
0.002661
-0.029687
0.013447
-0.020708
0.017560
0.007814
0.037482
-0.025097
-0.001834
-0.019068
-0.011256
-0.021334
-0.015667
0.017580
0.022579
0.012072
-0.014050
-0.022731
0.022657
0.004144
-0.009471
0.001989
-0.030991
0.003807
0.014698
0.006342
0.034633
0.003225
0.009119
0.011004
-0.007639
-0.020486
0.001792
0.038340
-0.024201
0.008349
-0.007899
-0.029059
-0.012307
-0.002067
-0.012901
0.012573
0.020673
0.001314
-0.017801
-0.014187
0.005130
0.004896
0.032440
