-0.039112
-0.019833
-0.042096
-0.000974
0.001527
0.039313
0.005538
-0.038289
0.030836
0.018466
0.004648
-0.004818
0.021718
0.010016
-0.026054
-0.028418
-0.011022
0.018409
-0.031940
0.030031
0.018538
0.025347
0.011415
0.012219
0.036713
-0.028930
-0.037280
0.006325
0.006575
0.035241
-0.005615
-0.015018
0.007416
0.022461
-0.029644
0.025700
0.020625
0.035002
-0.002854
-0.037747
0.012208
0.029317
0.019057
-0.016363
0.001019
-0.002625
0.023681
-0.019452
-0.002618
-0.006260
-0.038512
0.025629
-0.015118
-0.003835
0.007149
0.008797
0.024338
0.010485
-0.002745
0.050496
-0.009090
-0.005014
-0.003892
-0.004210
0.040104
0.017990
-0.019770
0.010657
0.018391
-0.001969
0.007152
-0.016947
-0.020836
-0.015247
-0.023718
0.008826
-0.012003
-0.021543
0.024188
-0.007618
-0.014992
-0.012081
0.004992
0.004022
-0.020703
0.005874
0.045475
0.002291
-0.002880
0.027137
-0.010853
0.007153
-0.011389
0.019899
0.037487
-0.022867
-0.010099
0.026048
-0.008023
0.025313
0.041844
0.015163
0.011702
-0.016692
-0.005997
-0.015708
-0.002392
-0.012791
0.012974
0.017549
-0.022050
0.006523
0.013645
0.017640
0.029484
-0.021620
-0.007177
-0.014681
-0.023876
-0.039609
-0.007779
-0.033954
0.037094
0.005089
-0.016537
-0.020965
-0.007967
-0.023533
