0.008722
0.016644
0.004712
0.005319
-0.002271
0.030163
0.007861
0.006827
-0.002785
-0.001234
0.021836
-0.000616
0.002067
0.004469
-0.027867
0.002534
-0.017104
-0.014345
-0.010725
0.018488
-0.008617
-0.005037
0.033835
-0.017039
0.006236
0.035068
-0.002707
0.009768
0.018978
0.035069
0.019207
0.022168
0.021065
-0.021472
0.001918
0.002116
0.029364
-0.007679
-0.011791
0.010555
-0.002952
-0.008497
0.009104
0.015657
0.008135
0.001694
-0.021944
-0.016137
0.029185
0.026774
-0.004905
0.006157
0.022404
-0.007709
0.010211
-0.003630
0.001394
-0.025440
0.020396
-0.000402
-0.010610
-0.010208
-0.007704
0.005865
0.014480
-0.014558
0.012261
0.019256
0.014108
0.001717
-0.018412
0.006055
-0.003240
0.013395
-0.019160
-0.005069
-0.002344
-0.004312
-0.019552
0.027836
-0.003555
-0.005713
-0.006099
0.007389
0.014263
-0.012598
0.014174
0.002666
0.002570
-0.016143
0.003782
0.002435
-0.007193
0.008364
0.019352
0.018876
-0.026321
-0.018388
0.031481
-0.031551
-0.010574
-0.016776
0.002748
-0.001576
-0.017092
0.004940
0.017610
-0.045080
-0.005492
0.004126
0.002649
0.015874
0.033527
-0.008416
0.000057
0.024257
-0.025506
-0.019490
-0.027698
-0.025362
0.000974
0.024256
0.027080
0.039754
0.024196
-0.010162
0.026781
0.011513
