-0.021577
0.002155
-0.022966
0.015611
0.015377
0.020557
-0.012769
-0.020518
0.012591
0.001675
0.023178
0.013507
0.007264
-0.009986
-0.008236
-0.011113
0.006794
0.000278
-0.011956
0.014439
0.000715
0.005819
-0.005460
-0.008859
0.019262
-0.012374
-0.018516
-0.014777
-0.013540
0.019016
0.013133
0.001869
-0.005752
0.006136
-0.011954
0.004337
0.003059
0.016371
-0.013540
-0.000907
-0.005121
0.010662
-0.002421
-0.001003
-0.009550
-0.007552
0.007033
0.000183
-0.001334
0.014670
-0.018586
0.005211
0.003786
0.015047
-0.003067
-0.012603
0.006585
-0.002209
0.029300
0.030034
0.010280
-0.013009
0.007449
-0.002586
0.020765
0.000657
-0.000648
-0.004478
0.001895
0.002918
-0.012950
0.000628
-0.001850
0.002781
-0.007679
-0.008355
0.007609
-0.004649
0.006573
-0.032834
0.005227
0.008376
-0.011801
-0.010670
-0.003302
-0.009612
0.029373
-0.007386
-0.000145
0.010070
0.006893
0.019418
0.006490
0.002610
0.017644
-0.004235
0.002112
0.008477
0.010950
0.008384
0.022775
-0.002407
-0.006177
0.000852
-0.004648
-0.000290
0.001600
0.006418
-0.009523
-0.000669
-0.003233
-0.007332
-0.004928
-0.000034
0.013405
-0.005296
-0.017691
0.004315
-0.006982
-0.020337
0.010363
-0.017240
0.015658
-0.011610
-0.006939
-0.000942
0.006976
-0.012092
