-0.002543
0.036562
-0.024454
-0.028056
-0.027572
-0.000877
-0.005337
0.015055
-0.014513
0.001984
0.015916
0.019496
0.002614
0.003955
0.023175
-0.017284
0.033634
-0.025451
-0.011275
-0.027008
-0.002580
0.008323
-0.007093
-0.050728
0.017082
-0.022597
0.015434
0.007058
0.014552
-0.026079
-0.017516
-0.019930
0.001726
0.006466
-0.004831
-0.004287
-0.017272
0.008385
0.019227
-0.032256
-0.009905
0.031647
0.025484
0.005937
-0.005933
0.020071
0.023637
0.011988
-0.018400
-0.010851
-0.009608
0.000364
0.009914
-0.024125
-0.021699
0.028115
0.016123
-0.023097
-0.024648
0.009191
-0.018183
0.015711
0.031375
0.007216
0.002562
-0.006427
0.027726
0.005774
0.014298
-0.052915
0.017251
-0.021866
0.003852
0.002007
-0.000497
0.014884
0.002853
-0.010379
0.016360
-0.000869
-0.027503
0.006152
-0.016430
0.019314
0.001886
0.042403
-0.018783
0.002984
-0.012032
-0.015801
-0.021982
-0.009174
0.012193
0.013345
0.006736
-0.008182
-0.018497
0.018741
0.009089
-0.009993
-0.004139
-0.032758
0.005117
0.010083
0.006865
0.029192
-0.010958
0.002782
0.015061
-0.006176
-0.016093
-0.001601
0.029413
-0.025557
0.002994
-0.012619
-0.023994
-0.008547
0.004743
-0.009481
0.008439
0.016875
-0.002210
-0.010721
-0.009603
0.009596
0.011692
0.027646
