0.027898
-0.002374
0.029118
0.031953
-0.024477
0.056624
0.026800
-0.009983
-0.004351
-0.024563
0.043529
-0.017601
-0.001371
-0.005925
-0.058062
0.028448
0.004286
-0.040202
0.007099
0.042872
-0.029152
0.001668
0.065175
-0.046954
-0.009103
0.014260
-0.020594
-0.009669
0.001208
0.062451
0.042498
-0.002910
0.043376
-0.045277
0.023087
0.020042
0.062986
-0.032127
-0.035031
-0.008401
0.026643
-0.035595
0.031290
0.037153
0.029372
0.020617
-0.048172
-0.038199
0.006515
0.004337
0.016814
0.026593
-0.000642
-0.027954
0.028982
-0.030557
0.026172
-0.004521
0.045223
-0.022026
-0.004035
-0.036980
0.016732
0.022673
-0.003908
0.005266
0.029962
0.040634
-0.004643
-0.022304
-0.045456
-0.018615
-0.027099
0.034261
0.002100
-0.031621
0.026381
0.014560
-0.046553
0.056488
-0.023076
0.014302
-0.027689
0.019799
0.039635
0.002745
-0.008790
-0.002331
-0.020251
0.006459
0.031749
-0.018438
0.013767
-0.012484
-0.003649
0.000241
-0.057286
0.003339
0.012557
-0.012849
-0.037532
-0.040811
0.025138
0.022451
-0.043603
-0.014854
0.003048
-0.025029
0.007995
0.030727
-0.019802
-0.004895
0.058426
-0.032796
-0.025941
0.002907
-0.052688
0.001288
-0.005947
-0.008200
-0.003245
0.002102
0.054928
0.016600
0.002081
-0.030267
-0.000617
0.037270
