-0.000883
0.027368
-0.027368
-0.022071
-0.035313
0.003531
-0.008828
0.019422
-0.006180
0.004414
0.020305
0.026485
-0.005297
0.007945
0.029133
-0.023836
0.038845
-0.018539
-0.007945
-0.030016
-0.006180
0.002648
-0.012360
-0.040610
0.022071
-0.030016
0.007945
0.002648
0.012360
-0.028251
-0.022954
-0.022954
-0.003531
0.001766
0.002648
0.000883
-0.022954
0.002648
0.024719
-0.029133
-0.015008
0.030016
0.024719
0.012360
-0.012360
0.024719
0.024719
0.007063
-0.013242
-0.013242
-0.012360
0.005297
0.018539
-0.016774
-0.025602
0.035313
0.014125
-0.008828
-0.028251
0.002648
-0.015008
0.014125
0.025602
0.004414
-0.003531
-0.007063
0.024719
-0.005297
0.008828
-0.036196
0.022954
-0.025602
0.000000
0.007063
-0.003531
0.010594
0.007063
-0.014125
0.020305
0.002648
-0.030016
0.013242
-0.020305
0.017657
0.007945
0.037079
-0.024719
-0.001766
-0.019422
-0.011477
-0.021188
-0.015891
0.017657
0.022954
0.012360
-0.014125
-0.022954
0.022954
0.004414
-0.009711
0.001766
-0.030899
0.003531
0.015008
0.006180
0.034430
0.003531
0.008828
0.010594
-0.007945
-0.020305
0.001766
0.037962
-0.023836
0.007945
-0.007945
-0.029133
-0.012360
-0.001766
-0.013242
0.012360
0.020305
0.000883
-0.017657
-0.014125
0.005297
0.005297
0.032665
