-0.039276
-0.020233
-0.041657
-0.001190
0.001190
0.039276
0.005951
-0.038086
0.030945
0.019043
0.004761
-0.004761
0.021423
0.009521
-0.026184
-0.028564
-0.010712
0.019043
-0.032135
0.029755
0.019043
0.024994
0.011902
0.011902
0.036896
-0.028564
-0.036896
0.005951
0.007141
0.035706
-0.005951
-0.015472
0.007141
0.022614
-0.029755
0.026184
0.020233
0.034515
-0.002380
-0.038086
0.011902
0.029755
0.019043
-0.016663
0.001190
-0.002380
0.023804
-0.019043
-0.002380
-0.005951
-0.038086
0.026184
-0.015472
-0.003571
0.007141
0.008331
0.023804
0.010712
-0.002380
0.049988
-0.009521
-0.004761
-0.003571
-0.004761
0.040466
0.017853
-0.020233
0.010712
0.017853
-0.002380
0.007141
-0.016663
-0.021423
-0.015472
-0.023804
0.008331
-0.011902
-0.021423
0.023804
-0.007141
-0.015472
-0.011902
0.004761
0.003571
-0.020233
0.005951
0.045227
0.002380
-0.002380
0.027374
-0.010712
0.007141
-0.011902
0.020233
0.036896
-0.022614
-0.010712
0.026184
-0.008331
0.024994
0.041657
0.015472
0.011902
-0.016663
-0.005951
-0.015472
-0.002380
-0.013092
0.013092
0.017853
-0.022614
0.005951
0.013092
0.017853
0.029755
-0.021423
-0.007141
-0.014282
-0.023804
-0.039276
-0.008331
-0.033325
0.036896
0.004761
-0.016663
-0.021423
-0.008331
-0.023804
