0.028282
-0.003142
0.029853
0.031424
-0.025140
0.056564
0.026711
-0.009427
-0.004714
-0.025140
0.043994
-0.017283
-0.001571
-0.006285
-0.058135
0.028282
0.004714
-0.040852
0.007856
0.042423
-0.028282
0.001571
0.064420
-0.047137
-0.009427
0.014141
-0.020426
-0.009427
0.001571
0.062849
0.042423
-0.003142
0.043994
-0.045565
0.023568
0.020426
0.062849
-0.031424
-0.034567
-0.007856
0.026711
-0.036138
0.031424
0.037709
0.029853
0.020426
-0.048708
-0.037709
0.006285
0.004714
0.017283
0.026711
0.000000
-0.028282
0.029853
-0.029853
0.026711
-0.004714
0.045565
-0.021997
-0.004714
-0.037709
0.017283
0.021997
-0.003142
0.004714
0.029853
0.040852
-0.004714
-0.021997
-0.045565
-0.018855
-0.026711
0.034567
0.001571
-0.031424
0.026711
0.014141
-0.047137
0.056564
-0.023568
0.014141
-0.028282
0.020426
0.039280
0.003142
-0.009427
-0.003142
-0.020426
0.006285
0.031424
-0.018855
0.014141
-0.012570
-0.003142
0.000000
-0.056564
0.003142
0.012570
-0.012570
-0.037709
-0.040852
0.025140
0.021997
-0.043994
-0.014141
0.003142
-0.025140
0.007856
0.031424
-0.020426
-0.004714
0.058135
-0.032996
-0.026711
0.003142
-0.053421
0.001571
-0.006285
-0.007856
-0.003142
0.001571
0.054993
0.017283
0.001571
-0.029853
0.000000
0.037709
