-0.021326
0.002064
-0.022701
0.015822
0.015134
0.020638
-0.013071
-0.020638
0.012383
0.001376
0.023389
0.013758
0.006879
-0.010319
-0.008255
-0.011007
0.006879
0.000000
-0.011695
0.014446
0.000688
0.005503
-0.005503
-0.008943
0.019262
-0.012383
-0.018574
-0.015134
-0.013758
0.019262
0.013071
0.002064
-0.005503
0.006191
-0.011695
0.004128
0.002752
0.016510
-0.013758
-0.000688
-0.004815
0.010319
-0.002752
-0.000688
-0.009631
-0.007567
0.006879
0.000000
-0.001376
0.014446
-0.018574
0.004815
0.004128
0.015134
-0.003440
-0.012383
0.006191
-0.002064
0.029581
0.029581
0.010319
-0.013071
0.007567
-0.002752
0.020638
0.000688
-0.000688
-0.004815
0.002064
0.002752
-0.013071
0.000688
-0.002064
0.002752
-0.007567
-0.008255
0.007567
-0.004815
0.006191
-0.033020
0.005503
0.008255
-0.011695
-0.011007
-0.003440
-0.009631
0.029581
-0.007567
0.000000
0.010319
0.006879
0.019262
0.006879
0.002752
0.017886
-0.004128
0.002064
0.008255
0.011007
0.008255
0.022701
-0.002752
-0.006191
0.000688
-0.004815
0.000000
0.001376
0.006191
-0.009631
-0.000688
-0.003440
-0.007567
-0.004815
0.000000
0.013071
-0.005503
-0.017886
0.004128
-0.006879
-0.020638
0.010319
-0.017198
0.015822
-0.011695
-0.006879
-0.000688
0.006879
-0.012383
