-0.002866
0.036537
-0.024358
-0.027940
-0.027224
-0.000716
-0.005015
0.015045
-0.014328
0.002149
0.015761
0.019343
0.002866
0.004299
0.022925
-0.017194
0.033672
-0.025791
-0.011463
-0.027224
-0.002866
0.008597
-0.007164
-0.050866
0.017194
-0.022925
0.015761
0.007164
0.014328
-0.025791
-0.017194
-0.020060
0.001433
0.006448
-0.005015
-0.004299
-0.017194
0.008597
0.019343
-0.032239
-0.010030
0.031522
0.025791
0.005731
-0.005731
0.020060
0.023642
0.012179
-0.018627
-0.010746
-0.009313
0.000716
0.010030
-0.024358
-0.021493
0.027940
0.016478
-0.022925
-0.024358
0.009313
-0.017910
0.015761
0.031522
0.007164
0.002866
-0.006448
0.027940
0.005731
0.014328
-0.053015
0.017194
-0.022209
0.003582
0.002149
-0.000716
0.015045
0.002866
-0.010030
0.016478
-0.000716
-0.027224
0.006448
-0.016478
0.019343
0.002149
0.042269
-0.018627
0.002866
-0.012179
-0.015761
-0.022209
-0.009313
0.012179
0.013612
0.006448
-0.007881
-0.018627
0.018627
0.009313
-0.010030
-0.004299
-0.032955
0.005015
0.010030
0.007164
0.029373
-0.010746
0.002866
0.015045
-0.006448
-0.015761
-0.001433
0.029373
-0.025791
0.002866
-0.012896
-0.023642
-0.008597
0.005015
-0.009313
0.008597
0.017194
-0.002149
-0.010746
-0.009313
0.009313
0.011463
0.027940
