0.008678
0.016689
0.004673
0.005340
-0.002003
0.030040
0.008011
0.006676
-0.002670
-0.001335
0.022029
-0.000668
0.002003
0.004673
-0.028037
0.002670
-0.017356
-0.014019
-0.010681
0.018692
-0.008678
-0.005340
0.034045
-0.016689
0.006008
0.035380
-0.002670
0.010013
0.019359
0.034713
0.019359
0.022029
0.020694
-0.021362
0.002003
0.002003
0.029372
-0.007343
-0.012016
0.010681
-0.003338
-0.008678
0.009346
0.015354
0.008011
0.002003
-0.022029
-0.016021
0.029372
0.026702
-0.004673
0.006008
0.022697
-0.008011
0.010013
-0.003338
0.001335
-0.025367
0.020027
-0.000668
-0.010681
-0.010013
-0.008011
0.006008
0.014686
-0.014686
0.012016
0.019359
0.014019
0.002003
-0.018024
0.006008
-0.003338
0.013351
-0.019359
-0.005340
-0.002670
-0.004673
-0.019359
0.028037
-0.003338
-0.006008
-0.006008
0.007343
0.014019
-0.013351
0.014019
0.002670
0.002670
-0.016021
0.004005
0.002670
-0.007343
0.008678
0.019359
0.018692
-0.026035
-0.018692
0.031375
-0.031375
-0.010681
-0.016689
0.002670
-0.001335
-0.017356
0.004673
0.017356
-0.045394
-0.005340
0.004005
0.002670
0.016021
0.033378
-0.008678
0.000000
0.024032
-0.025367
-0.019359
-0.028037
-0.025367
0.000668
0.024032
0.026702
0.040053
0.024032
-0.010013
0.026702
0.011348
